911
912
913
918
923
924
924
927
939
939
939
942
948
948
948
948
948
953
953
953
955
956
956
956
959
959
962
962
962
962
962
962
967
970
972
975
975
975
978
978
980
980
980
980
985
985
985
985
985
985
985
985
985
988
988
990
990
990
990
990
990
990
998
998
998
998
999
999
999
999
999
999
1023
1025
1025
1029
1029
1029
1029
1029
1030
1030
1030
1030
1030
1037
1038
1038
1038
1038
1042
1042
1042
1042
1042
1044
1052
1052
1052
1054
1054
1054
1062
1062
1067
1070
1070
1070
1072
1072
1073
1076
1078
1082
1086
1087
1088
1095
1112
878
898
898
906
908
917
919
920
920
921
925
931
932
932
933
933
934
936
936
937
937
938
938
938
940
940
940
941
945
945
945
945
946
946
949
950
950
951
951
951
954
957
957
957
957
958
961
961
961
961
961
961
963
964
964
965
965
965
965
965
966
966
966
966
966
966
966
966
966
966
966
966
966
966
966
966
966
966
968
969
969
969
969
969
969
969
971
971
971
971
971
971
973
973
973
973
973
973
973
973
973
973
974
974
974
976
977
977
977
977
979
979
979
979
979
979
979
981
981
981
981
981
981
981
982
982
982
982
982
982
982
983
983
983
983
983
983
983
984
986
986
986
986
986
986
986
986
986
986
986
986
986
986
986
986
987
987
987
987
987
987
987
987
987
987
987
987
987
989
989
991
991
991
991
991
992
992
992
992
992
992
993
993
993
993
993
993
993
993
993
993
993
993
993
994
994
994
994
994
994
994
995
995
995
995
995
995
995
996
996
996
996
996
996
996
996
996
996
997
997
997
997
997
997
997
997
997
1000
1000
1000
1000
1000
1001
1001
1001
1001
1001
1001
1001
1001
1001
1002
1002
1002
1002
1002
1002
1003
1003
1003
1003
1003
1003
1003
1003
1003
1003
1004
1004
1004
1006
1006
1006
1006
1006
1007
1007
1007
1007
1007
1007
1008
1008
1009
1009
1009
1010
1010
1010
1010
1011
1012
1012
1012
1012
1012
1012
1012
1012
1012
1012
1012
1012
1012
1013
1013
1013
1013
1013
1013
1013
1013
1013
1013
1013
1013
1014
1014
1014
1014
1014
1015
1015
1015
1015
1015
1015
1016
1016
1016
1017
1017
1017
1017
1017
1017
1017
1017
1017
1017
1017
1017
1017
1018
1018
1018
1018
1019
1019
1019
1019
1019
1019
1019
1019
1019
1019
1019
1019
1019
1020
1020
1020
1020
1020
1020
1020
1020
1020
1020
1020
1021
1021
1022
1022
1022
1022
1022
1024
1024
1024
1024
1024
1024
1024
1024
1024
1026
1026
1026
1026
1026
1026
1026
1026
1026
1026
1026
1026
1026
1027
1028
1028
1028
1028
1028
1028
1028
1028
1028
1028
1028
1028
1028
1028
1028
1028
1028
1028
1031
1031
1031
1031
1031
1031
1031
1031
1031
1031
1032
1032
1032
1033
1033
1033
1034
1034
1034
1034
1034
1034
1034
1035
1035
1035
1035
1035
1036
1039
1039
1039
1040
1040
1040
1040
1040
1041
1041
1041
1041
1043
1043
1043
1043
1043
1043
1043
1043
1043
1045
1045
1045
1045
1045
1045
1045
1046
1046
1046
1046
1046
1047
1048
1048
1048
1050
1050
1053
1053
1053
1053
1053
1055
1055
1055
1056
1056
1056
1057
1058
1058
1059
1059
1059
1059
1059
1061
1064
1065
1065
1066
1066
1066
1066
1071
1074
1074
1075
1075
1075
1079
1091
1098
1099
1100
1103
1104
1113
1124
0
0
0
0
0
0
0
0
0
0
0
0
0
0
0
0
0
0
0
0
0
0
0
0
0
0
0
0
0
0
0
0
0
0
0
0
0
0
0
0
0
0
0
0
0
0
0
0
0
0
0
0
0
0
0
0
0
0
0
0
0
0
0
0
0
0
0
0
0
0
0
0
0
0
0
0
0
0
0
0
0
0
0
0
0
0
0
0
0
0
0
0
0
0
0
0
0
0
0
0
0
0
0
0
0
0
0
0
0
0
0
0
0
0
0
0
0
0
0
0
0
0
0
0
0
0
0
0
0
0
0
0
0
0
0
0
0
0
0
0
0
0
0
0
0
0
0
0
0
0
0
0
0
0
0
0
0
0
0
0
0
0
0
0
0
0
0
0
0
0
0
0
0
0
0
0
0
0
0
0
0
0
0
0
0
0
0
0
0
0
0
0
0
0
0
0
0
0
0
0
0
0
0
0
0
0
0
0
0
0
0
0
0
0
0
0
0
0
0
0
0
0
0
0
0
0
0
0
0
0
0
0
0
0
0
0
0
0
0
0
0
0
0
0
0
0
0
0
0
0
0
0
0
0
0
0
0
0
0
0
0
0
0
0
0
0
0
0
0
0
0
0
0
0
0
0
0
0
0
0
0
0
0
0
0
0
0
0
0
0
0
0
0
0
0
0
0
0
0
0
0
0
0
0
0
0
0
0
0
0
0
0
0
0
0
0
0
0
0
0
0
0
0
0
0
0
0
0
0
0
0
0
0
0
0
0
0
0
0
0
0
0
0
0
0
0
0
0
0
0
0
0
0
0
0
0
0
0
0
0
0
0
0
0
0
0
0
0
0
0
0
0
0
0
0
0
0
0
0
0
0
0
0
0
0
0
0
0
0
0
0
0
0
0
0
0
0
0
0
0
0
0
0
0
0
0
0
0
0
0
0
0
0
0
0
0
0
0
0
0
0
0
0
0
0
0
0
0
0
0
0
0
0
0
0
0
0
0
0
0
0
0
0
0
0
0
0
0
0
0
0
0
0
0
0
0
0
0
0
0
0
0
0
0
0
0
0
0
0
0
0
0
0
0
0
0
0
0
0
0
0
0
0
0
0
0
0
0
0
0
0
0
0
0
0
0
0
0
0
0
0
0
0
0
0
0
0
0
0
0
0
0
0
0
0
0
0
0
0
0
0
0
0
0
0
0
0
0
0
0
0
0
0
0
0
0
0
0
0
0
0
0
0
0
0
0
0
0
0
0
0
0
0
0
0
0
0
0
0
0
0
0
0
0
0
0
0
0
0
0
0
0
0
0
0
0
0
0
0
0
0
0
0
0
0
0
0
0
0
0
0
0
0
0
0
0
0
0
0
0
0
0
0
0
0
0
0
0
0
0
0
0
0
0
0
0
0
0
0
0
0
0
0
0
0
0
0
0
0
0
0
0
0
0
0
0
0
0
0
0
0
0
0
0
0
0
0
0
0
0
0
0
0
0
0
0
0
0
0
0
0
0
0
0
0
0
0
0
0
0
0
0
0
0
0
0
0
0
0
0
0
0
0
0
0
0
0
0
0
0
0
0
0
0
0
0
0
0
0
0
0
0
0
0
0
0
0
0
0
0
0
0
0
0
0
0
0
0
0
0
0
0
0
0
0
0
0
0
0
0
0
0
0
0
0
0
0
0
0
0
0
0
0
0
0
0
0
0
0
0
0
0
0
0
0
0
0
0
0
0
0
0
0
0
0
0
0
0
0
0
0
0
0
0
0
0
0
0
0
0
0
0
0
0
0
0
0
0
0
0
0
0
0
0
0
0
0
0
0
0
0
0
0
0
0
0
0
0
0
0
0
0
0
0
0
0
0
0
0
0
0
0
0
0
0
0
0
0
0
0
0
0
0
0
0
0
0
0
0
0
0
0
0
0
0
0
0
0
0
0
0
0
0
0
0
0
0
0
0
0
0
0
0
0
0
0
0
0
0
0
0
0
0
0
0
0
0
0
0
0
0
0
0
0
0
0
0
0
0
0
0
0
0
0
0
0
0
0
0
0
0
0
0
0
0
0
0
0
0
0
0
0
0
0
0
0
0
0
0
0
0
0
0
0
0
0
0
0
0
0
0
0
0
0
0
0
0
0
0
0
0
0
0
0
0
0
0
0
0
0
0
0
0
0
0
0
0
0
0
0
0
0
